{
    "matrix_a": [
        [
            0.19686674939823656,
            0.32279756006723015,
            0.3253662271290022,
            0.4879967543153362,
            0.788263201377325,
            0.7345577182008721,
            0.034911224867093194,
            0.9187109111687087,
            0.5310552503323969,
            0.20860679086100775
        ],
        [
            0.31076603760522203,
            0.03597411040952658,
            0.16699580469427,
            0.08165327229963215,
            0.7207724757240141,
            0.21658939233560703,
            0.894549508514635,
            0.1440288254930987,
            0.07152814595665935,
            0.884246161096003
        ],
        [
            0.046562366141921,
            0.25889519561076424,
            0.8964521128920946,
            0.1023226195595559,
            0.04407501389189894,
            0.5598599859875394,
            0.06354472954280632,
            0.27447612907635244,
            0.6820010746008575,
            0.00967467424934354
        ],
        [
            0.8204753158623175,
            0.9353468997768405,
            0.22609953412200035,
            0.18174959948498326,
            0.15245892061614752,
            0.864390997830073,
            0.3355076648367902,
            0.37906479606480914,
            0.8277833646073202,
            0.17913741892802337
        ],
        [
            0.4383464984476886,
            0.2311674496359103,
            0.9156759180562275,
            0.39919875667476035,
            0.3841569625914344,
            0.19164047468130596,
            0.6042876755664763,
            0.2457093493511251,
            0.6754839960724208,
            0.37405179282567624
        ],
        [
            0.08084306200193248,
            0.6222829971270442,
            0.33998662614553565,
            0.06085632448933609,
            0.8620262242460429,
            0.41570793926360805,
            0.19393468415240822,
            0.3738682900149035,
            0.8245279335448701,
            0.9646182096563387
        ],
        [
            0.04831222946893654,
            0.24401892741828124,
            0.7020306279927393,
            0.809045267767912,
            0.6749143834842212,
            0.6661045420493488,
            0.8979727249380138,
            0.348539758198375,
            0.3837417274599426,
            0.625196662148676
        ],
        [
            0.15952883287627484,
            0.8599941789876628,
            0.7167537486148414,
            0.45158426596183854,
            0.7571557414059018,
            0.19913211128629416,
            0.38318265251223493,
            0.9091527832521575,
            0.741716985932762,
            0.8504206852517593
        ],
        [
            0.36695449785116274,
            0.6815252254767252,
            0.8818243955225782,
            0.4423575588080111,
            0.7404886313259071,
            0.8457542269472216,
            0.2722713913139855,
            0.2210182049981878,
            0.7287790889463421,
            0.2788266289134257
        ],
        [
            0.0048809490644067255,
            0.6458838222767345,
            0.9315450076140492,
            0.4428782505682469,
            0.6659284419005704,
            0.39096386298323416,
            0.10996466711881048,
            0.21983192772354354,
            0.7103756493760207,
            0.02123530108256866
        ]
    ],
    "matrix_b": [
        [
            0.500661568657045,
            0.6711500817382877,
            0.21211799779874108,
            0.6198079030694451,
            0.1204056964833049,
            0.246687830669702,
            0.833985103647701,
            0.7224677048843702,
            0.06627495917847259,
            0.9259784455182902
        ],
        [
            0.6714124092605456,
            0.7551235991996029,
            0.3336063553139622,
            0.2303279553323574,
            0.8821748100226166,
            0.2877511585849448,
            0.7191184880486344,
            0.9236692192730279,
            0.4485234201158833,
            0.818402798219926
        ],
        [
            0.23538123902902752,
            0.3878146591358088,
            0.4897588735392657,
            0.5144399962037819,
            0.043141889268596634,
            0.7965209152647876,
            0.1335942784260875,
            0.2259368834996086,
            0.14615765021974425,
            0.8125615140017914
        ],
        [
            0.21979326830882173,
            0.5450410777132282,
            0.16979533981481165,
            0.17596652178079475,
            0.6633654693229216,
            0.06775461104322333,
            0.6463226461883664,
            0.8210596869580281,
            0.6392060766820813,
            0.8408564845557187
        ],
        [
            0.38468000751435505,
            0.4212369207258647,
            0.2610264073901917,
            0.8998491542897928,
            0.3732703532514289,
            0.7608018015327275,
            0.8885952904879348,
            0.8826700698547024,
            0.23460014013814223,
            0.4112905907672917
        ],
        [
            0.5213216831211986,
            0.5464905773451797,
            0.7422093712069909,
            0.7164778499176541,
            0.29982299414441727,
            0.08079396586647403,
            0.25697279651064164,
            0.5016525806446391,
            0.9391744184668229,
            0.07444417985304619
        ],
        [
            0.6163651324809111,
            0.9348929784782395,
            0.10554322114257786,
            0.2272168121718613,
            0.6506144344060205,
            0.45916882997518527,
            0.3632902579566266,
            0.46305281356289507,
            0.8240231157078625,
            0.3755424783328182
        ],
        [
            0.4432740676094381,
            0.39435838488903063,
            0.40176170510027753,
            0.33879651246624054,
            0.9086240855185048,
            0.4849713013772994,
            0.5158555462046589,
            0.4453536110719385,
            0.9519140142143746,
            0.5994566172400427
        ],
        [
            0.42238328008791626,
            0.6600470527863878,
            0.4318361311765656,
            0.13838413592405674,
            0.8457439327758877,
            0.6168222938268204,
            0.4776720663700671,
            0.1775498763848189,
            0.8268514493380063,
            0.5340120389869712
        ],
        [
            0.5346824759011666,
            0.6624224924540447,
            0.41546371555615647,
            0.035417865918826674,
            0.3715922991070705,
            0.40546736519124227,
            0.3344147507366251,
            0.06841939105817363,
            0.20044109642864272,
            0.7465117277547207
        ]
    ],
    "product": [
        [
            1.9499134088063246,
            2.385160588164936,
            1.8313949059799943,
            2.0853001701511875,
            2.5448274833775204,
            1.966463469411376,
            2.4544288426376992,
            2.5127223489472295,
            2.7763379556742516,
            2.5032321829402693
        ],
        [
            1.7453926922428997,
            2.2930469174770827,
            1.0730071469187088,
            1.3982162817832442,
            1.5664538495963216,
            1.6746781568120277,
            1.7854116932873199,
            1.6589430670674696,
            1.5964557119383753,
            1.9547051619451508
        ],
        [
            1.1935308287590662,
            1.5789107448461241,
            1.3952160448351667,
            1.210605615465097,
            1.3959919632571876,
            1.4726121434289805,
            1.08762000783476,
            1.1525014487923881,
            1.731274012417566,
            1.6890826994944321
        ],
        [
            2.4614728814682563,
            3.108504932330819,
            1.9286207846400416,
            1.9543327104196424,
            2.6996952140299757,
            1.7709042297697333,
            2.6349077058511434,
            2.708629404357983,
            2.8283679188705473,
            2.917836631938608
        ],
        [
            1.8923204300325742,
            2.6634727478508062,
            1.5384534927845892,
            1.676504531003521,
            2.088577776260073,
            2.203758158904481,
            2.0967885830120023,
            2.0348543577724434,
            2.1571872905668394,
            2.861244455285805
        ],
        [
            2.249299602044894,
            2.791435443110484,
            1.862643626308846,
            1.771583630419361,
            2.581808265314335,
            2.3334257739860123,
            2.4522414132984642,
            2.198097070511637,
            2.3565198585723675,
            2.754414055050308
        ],
        [
            2.3423192690309698,
            3.222618492249963,
            1.9036764468432679,
            2.0716019383270083,
            2.697494166936942,
            2.3349768618907274,
            2.501756845018768,
            2.6950067606221344,
            3.0306699191666815,
            3.0401501374440265
        ],
        [
            2.7274990199049736,
            3.478007745193008,
            2.17321146994561,
            2.0969934240820893,
            3.469383777329839,
            2.8996424822077596,
            3.109971020121442,
            2.982742479538824,
            3.1192990338447744,
            3.859735061665711
        ],
        [
            2.394555875193012,
            3.1255571716705113,
            2.1812927147075842,
            2.4356654512458817,
            2.604811598427134,
            2.4454814546983594,
            2.7294630775364714,
            2.907916278569975,
            2.802901019621013,
            3.185631835569453
        ],
        [
            1.6893244098621665,
            2.260269181928851,
            1.6274537778531777,
            1.7868191407074263,
            2.150116136944608,
            2.1011773765980286,
            2.0712155306700093,
            2.2345347291435798,
            2.1241766511778972,
            2.5337201957641295
        ]
    ]
}